#Layer_Color=65535
#
#Feature symbol names
#
$0 r7.874
$1 r9.8425
$2 r3.937
$3 r10
$4 r11.811
$5 r5
$6 r6

#
#Feature attribute names
#

#
#Layer features
#
A 0.1295275 1.0358268 0.1295275 1.0358268 0.127559 1.0358268 4 P 0 N
A 0.130748 0.7380315 0.130748 0.7380315 0.126811 0.7380315 0 P 0 N
A 0.1646727 0.7041681 0.1646727 0.7041681 0.1610657 0.7041681 3 P 0 N
A 0.3066929 0.5124016 0.3066929 0.5124016 0.3047244 0.5124016 2 P 0 N
A 0.3580709 1.117126 0.3580709 1.117126 0.3531496 1.117126 1 P 0 N
A 0.3908676 1.3896254 0.3908676 1.3896254 0.3869306 1.3896254 0 P 0 N
A 0.5799073 1.0044959 0.5799073 1.0044959 0.5759703 1.0044959 0 P 0 N
A 0.6817027 0.5234294 0.6817027 0.5234294 0.6777657 0.5234294 0 P 0 N
A 0.690931 1.4664266 0.690931 1.4664266 0.686994 1.4664266 0 P 0 N
A 0.6956693 0.3769685 0.6956693 0.3769685 0.6937008 0.3769685 2 P 0 N
A 0.7046063 0.6679216 0.7046063 0.6679216 0.7006693 0.6679216 0 P 0 N
A 0.7165009 0.3489764 0.7165009 0.3489764 0.7121654 0.3489764 3 P 0 N
A 0.8858268 0.8996063 0.8858268 0.8996063 0.8818898 0.8996063 0 P 0 N
L 0.0000004 0 0.0000004 1.5748032 2 P 0
L 0.0000004 0 0.9842521 0 2 P 0
L 0.0000004 1.5748032 0.984252 1.5748032 2 P 0
L 0.0015748 0.0259843 0.0015748 0.4748031 5 P 0
L 0.0015748 0.0259843 0.0114173 0.0259843 5 P 0
L 0.0015748 0.4748031 0.0114173 0.4748031 5 P 0
L 0.0043307 1.1000001 0.0043307 1.5488189 5 P 0
L 0.0043307 1.1000001 0.0141732 1.1000001 5 P 0
L 0.0043307 1.5488189 0.0141732 1.5488189 5 P 0
L 0.0082995 0.8761359 0.0082995 0.9312541 3 P 0
L 0.0082995 0.8761359 0.1145987 0.8761359 3 P 0
L 0.0082995 0.9312541 0.1145987 0.9312541 3 P 0
L 0.0083459 0.9774295 0.0083459 1.0325477 3 P 0
L 0.0083459 0.9774295 0.1146451 0.9774295 3 P 0
L 0.0083459 1.0325477 0.1146451 1.0325477 3 P 0
L 0.0263779 0.6389764 0.0263779 0.7570866 5 P 0
L 0.0661502 0.9426335 0.0700872 0.9426335 0 P 0
L 0.0661502 0.9662556 0.0700872 0.9662556 0 P 0
L 0.0667861 1.0422723 0.0707231 1.0422723 0 P 0
L 0.0667861 1.0658944 0.0707231 1.0658944 0 P 0
L 0.0857656 0.5409233 0.0897026 0.5409233 0 P 0
L 0.0857656 0.5645454 0.0897026 0.5645454 0 P 0
L 0.1145987 0.8761359 0.1145987 0.8962147 3 P 0
L 0.1145987 0.9119627 0.1145987 0.9312541 3 P 0
L 0.1146451 0.9774295 0.1146451 0.9975083 3 P 0
L 0.1146451 1.0132563 0.1146451 1.0325477 3 P 0
L 0.127559 0.8350394 0.127559 0.8488189 5 P 0
L 0.127559 0.8350394 0.1413385 0.8350394 5 P 0
L 0.127559 1.0220473 0.127559 1.0358268 5 P 0
L 0.127559 1.0358268 0.1413385 1.0358268 5 P 0
L 0.1472441 0.6389764 0.1472441 0.7570866 5 P 0
L 0.1551181 0.0259843 0.2062992 0.0259843 5 P 0
L 0.1551181 0.4748031 0.2062992 0.4748031 5 P 0
L 0.157874 1.1000001 0.2090551 1.1000001 5 P 0
L 0.157874 1.5488189 0.2090551 1.5488189 5 P 0
L 0.1602362 0.5858267 0.1602362 0.6051181 3 P 0
L 0.1602362 0.5858267 0.2665354 0.5858267 3 P 0
L 0.1602362 0.6208661 0.1602362 0.6409449 3 P 0
L 0.1602362 0.6409449 0.2665354 0.6409449 3 P 0
L 0.1685657 0.7231361 0.1685657 0.7352001 6 P 0
L 0.1850577 0.7238017 0.1950577 0.7238017 6 P 0
L 0.1854865 0.7338081 0.1904865 0.7288081 6 P 0
L 0.1854865 0.7338081 0.1954865 0.7338081 6 P 0
L 0.1904865 0.7288081 0.1954865 0.7338081 6 P 0
L 0.2062992 0.0259843 0.2062992 0.123622 5 P 0
L 0.2062992 0.3771654 0.2062992 0.4748031 5 P 0
L 0.2082677 0.5074803 0.2082677 0.5124016 0 P 0
L 0.2082677 0.5074803 0.2791339 0.5074803 0 P 0
L 0.2082677 0.5576772 0.2082677 0.5625985 0 P 0
L 0.2082677 0.5625985 0.2791339 0.5625985 0 P 0
L 0.2090551 1.1000001 0.2090551 1.1976378 5 P 0
L 0.2090551 1.4511812 0.2090551 1.5488189 5 P 0
L 0.2135657 0.7231361 0.2135657 0.7352001 6 P 0
L 0.215748 0.3980315 0.227559 0.3783465 5 P 0
L 0.215748 0.3980315 0.2393701 0.3980315 5 P 0
L 0.2185039 1.4720473 0.2303149 1.4523623 5 P 0
L 0.2185039 1.4720473 0.242126 1.4720473 5 P 0
L 0.2234252 0.7161417 0.2234252 0.7712599 3 P 0
L 0.2234252 0.7161417 0.3297244 0.7161417 3 P 0
L 0.2234252 0.7712599 0.3297244 0.7712599 3 P 0
L 0.227559 0.3783465 0.2393701 0.3980315 5 P 0
L 0.2303149 1.4523623 0.242126 1.4720473 5 P 0
L 0.250292 1.2244856 0.250292 1.243777 3 P 0
L 0.250292 1.2244856 0.3565912 1.2244856 3 P 0
L 0.250292 1.259525 0.250292 1.2796038 3 P 0
L 0.250292 1.2796038 0.3565912 1.2796038 3 P 0
L 0.2607243 1.3091136 0.2607243 1.4154128 3 P 0
L 0.2607243 1.3091136 0.3158425 1.3091136 3 P 0
L 0.2607243 1.4154128 0.2800157 1.4154128 3 P 0
L 0.2665354 0.5858267 0.2665354 0.6409449 3 P 0
L 0.2730315 0.6771653 0.2769685 0.6771653 0 P 0
L 0.2730315 0.7007874 0.2769685 0.7007874 0 P 0
L 0.2791339 0.5074803 0.2791339 0.5124016 0 P 0
L 0.2791339 0.5576772 0.2791339 0.5625985 0 P 0
L 0.2957637 1.4154128 0.3158425 1.4154128 3 P 0
L 0.3019685 1.1318898 0.3019685 1.2106299 0 P 0
L 0.3019685 1.1318898 0.3216535 1.1318898 0 P 0
L 0.3019685 1.2106299 0.3216535 1.2106299 0 P 0
L 0.3145669 0.8350394 0.3283464 0.8350394 5 P 0
L 0.3145669 1.0358268 0.3283464 1.0358268 5 P 0
L 0.3158425 1.3091136 0.3158425 1.4154128 3 P 0
L 0.3216535 1.1318898 0.3216535 1.2106299 0 P 0
L 0.3271654 0.0389764 0.3271654 0.3339764 6 P 0
L 0.3271654 0.0389764 0.3540347 0.0389764 6 P 0
L 0.3271654 0.3339764 0.3540347 0.3339764 6 P 0
L 0.3283464 0.8350394 0.3283464 0.8488189 5 P 0
L 0.3283464 1.0220473 0.3283464 1.0358268 5 P 0
L 0.3297244 0.7161417 0.3297244 0.7362205 3 P 0
L 0.3297244 0.7519685 0.3297244 0.7712599 3 P 0
L 0.3565912 1.2244856 0.3565912 1.2796038 3 P 0
L 0.3633858 1.4279528 0.434252 1.4279528 5 P 0
L 0.3633858 1.5602362 0.434252 1.5602362 5 P 0
L 0.3861432 1.2943498 0.4121274 1.2943498 5 P 0
L 0.3861432 1.408523 0.4121274 1.408523 5 P 0
L 0.4021654 0.0389764 0.4421654 0.0389764 6 P 0
L 0.4021654 0.3339764 0.4421654 0.3339764 6 P 0
L 0.4075199 1.2396225 0.4114569 1.2396225 0 P 0
L 0.4075199 1.2632446 0.4114569 1.2632446 0 P 0
L 0.4306314 1.3382474 0.4306314 1.3646254 5 P 0
L 0.4821085 1.3098407 0.4821085 1.4161399 3 P 0
L 0.4821085 1.3098407 0.5372267 1.3098407 3 P 0
L 0.4821085 1.4161399 0.5013999 1.4161399 3 P 0
L 0.4871654 0.0389764 0.5271654 0.0389764 6 P 0
L 0.4871654 0.3339764 0.5271654 0.3339764 6 P 0
L 0.5171479 1.4161399 0.5372267 1.4161399 3 P 0
L 0.5372267 1.3098407 0.5372267 1.4161399 3 P 0
L 0.5718365 1.2491486 0.5718365 1.3042668 3 P 0
L 0.5718365 1.2491486 0.6781357 1.2491486 3 P 0
L 0.5718365 1.3042668 0.6781357 1.3042668 3 P 0
L 0.5728206 1.1222495 0.5728206 1.2285487 3 P 0
L 0.5728206 1.1222495 0.5928994 1.1222495 3 P 0
L 0.5728206 1.2285487 0.6279388 1.2285487 3 P 0
L 0.5771654 0.0389764 0.6521654 0.0389764 6 P 0
L 0.5771654 0.3339764 0.6521654 0.3339764 6 P 0
L 0.5799073 1.0298896 0.5799073 1.0791022 5 P 0
L 0.5799213 1.4874015 0.5799213 1.5066929 3 P 0
L 0.5799213 1.4874015 0.6862205 1.4874015 3 P 0
L 0.5799213 1.5224409 0.5799213 1.5425197 3 P 0
L 0.5799213 1.5425197 0.6862205 1.5425197 3 P 0
L 0.5824901 0.4982326 0.5824901 0.5242168 5 P 0
L 0.5883859 0.6078739 0.5883859 0.6629921 3 P 0
L 0.5883859 0.6078739 0.6946851 0.6078739 3 P 0
L 0.5883859 0.6629921 0.6946851 0.6629921 3 P 0
L 0.5944743 1.3361117 0.5944743 1.4542219 5 P 0
L 0.5964567 0.8568898 0.5964567 0.8608268 0 P 0
L 0.5972441 0.3720472 0.5972441 0.3769685 0 P 0
L 0.5972441 0.3720472 0.6681103 0.3720472 0 P 0
L 0.5972441 0.4222441 0.5972441 0.4271654 0 P 0
L 0.5972441 0.4271654 0.6681103 0.4271654 0 P 0
L 0.6086474 1.1222495 0.6279388 1.1222495 3 P 0
L 0.6200788 0.8568898 0.6200788 0.8608268 0 P 0
L 0.6263877 0.4797286 0.6527657 0.4797286 5 P 0
L 0.6279388 1.1222495 0.6279388 1.2285487 3 P 0
L 0.6397499 1.1753991 0.6397499 1.1793361 0 P 0
L 0.6610193 0.7006654 0.6610193 0.7199568 3 P 0
L 0.6610193 0.7006654 0.7673185 0.7006654 3 P 0
L 0.6610193 0.7357048 0.6610193 0.7557836 3 P 0
L 0.6610193 0.7557836 0.7673185 0.7557836 3 P 0
L 0.6625984 0.8076772 0.6625984 0.9139764 3 P 0
L 0.6625984 0.8076772 0.6826772 0.8076772 3 P 0
L 0.6625984 0.9139764 0.7177166 0.9139764 3 P 0
L 0.663372 1.1753991 0.663372 1.1793361 0 P 0
L 0.6681103 0.3720472 0.6681103 0.3769685 0 P 0
L 0.6681103 0.4222441 0.6681103 0.4271654 0 P 0
L 0.6720333 1.0298896 0.6720333 1.0791022 5 P 0
L 0.6781357 1.2491486 0.6781357 1.2692274 3 P 0
L 0.6781357 1.2849754 0.6781357 1.3042668 3 P 0
L 0.6862205 1.4874015 0.6862205 1.5425197 3 P 0
L 0.6889625 1.3361117 0.6889625 1.4542219 5 P 0
L 0.6913445 1.0615666 0.6913445 1.0655036 0 P 0
L 0.6946851 0.6078739 0.6946851 0.6279527 3 P 0
L 0.6946851 0.6437007 0.6946851 0.6629921 3 P 0
L 0.6966633 0.4982326 0.6966633 0.5242168 5 P 0
L 0.6984252 0.8076772 0.7177166 0.8076772 3 P 0
L 0.7021654 0.0389764 0.7221654 0.0389764 6 P 0
L 0.7021654 0.3339764 0.7221654 0.3339764 6 P 0
L 0.7044541 1.5204954 0.7044541 1.5244324 0 P 0
L 0.7149666 1.0615666 0.7149666 1.0655036 0 P 0
L 0.7177166 0.8076772 0.7177166 0.9139764 3 P 0
L 0.7221654 0.0389764 0.7221654 0.3339764 6 P 0
L 0.7280762 1.5204954 0.7280762 1.5244324 0 P 0
L 0.7302687 0.9791048 0.7342057 0.9791048 0 P 0
L 0.7302687 1.0027269 0.7342057 1.0027269 0 P 0
L 0.746063 0.1027559 0.7578741 0.1224409 5 P 0
L 0.746063 0.1027559 0.7696851 0.1027559 5 P 0
L 0.746063 1.1767716 0.7578741 1.1964566 5 P 0
L 0.746063 1.1767716 0.7696851 1.1767716 5 P 0
L 0.7578741 0.1224409 0.7696851 0.1027559 5 P 0
L 0.7578741 1.1964566 0.7696851 1.1767716 5 P 0
L 0.7673185 0.7006654 0.7673185 0.7557836 3 P 0
L 0.7677053 0.7006048 0.7677053 0.755723 3 P 0
L 0.7677053 0.7006048 0.8740045 0.7006048 3 P 0
L 0.7677053 0.755723 0.8740045 0.755723 3 P 0
L 0.7791339 0.0259843 0.7791339 0.123622 5 P 0
L 0.7791339 0.0259843 0.830315 0.0259843 5 P 0
L 0.7791339 0.3771654 0.7791339 0.4748031 5 P 0
L 0.7791339 0.4748031 0.830315 0.4748031 5 P 0
L 0.7791339 1.1 0.7791339 1.1976377 5 P 0
L 0.7791339 1.1 0.830315 1.1 5 P 0
L 0.7791339 1.4511811 0.7791339 1.5488188 5 P 0
L 0.7791339 1.5488188 0.830315 1.5488188 5 P 0
L 0.7825591 0.5694964 0.8085433 0.5694964 5 P 0
L 0.7825591 0.6836696 0.8085433 0.6836696 5 P 0
L 0.7858268 0.825 0.7858268 0.8742126 5 P 0
L 0.8270473 0.613394 0.8270473 0.639772 5 P 0
L 0.8740045 0.7006048 0.8740045 0.7206836 3 P 0
L 0.8740045 0.7364316 0.8740045 0.755723 3 P 0
L 0.8779528 0.825 0.8779528 0.8742126 5 P 0
L 0.8901148 0.7852362 0.8901148 0.8915354 3 P 0
L 0.8901148 0.7852362 0.9101936 0.7852362 3 P 0
L 0.8901148 0.8915354 0.945233 0.8915354 3 P 0
L 0.9259416 0.7852362 0.945233 0.7852362 3 P 0
L 0.945233 0.7852362 0.945233 0.8915354 3 P 0
L 0.9740158 0.0259843 0.9838583 0.0259843 5 P 0
L 0.9740158 0.4748031 0.9838583 0.4748031 5 P 0
L 0.9740158 1.1 0.9838583 1.1 5 P 0
L 0.9740158 1.5488188 0.9838583 1.5488188 5 P 0
L 0.9838583 0.0259843 0.9838583 0.4748031 5 P 0
L 0.9838583 1.1 0.9838583 1.5488188 5 P 0
L 0.984252 1.5748032 0.9842521 0 2 P 0
