#Layer_Color=9474304
#
#Feature symbol names
#
$0 r6.6666
$1 r5

#
#Feature attribute names
#

#
#Layer features
#
A 0.0548743 0.903695 0.0548743 0.903695 0.0348743 0.903695 0 P 0 N
A 0.0570172 0.8565631 0.0570172 0.8565631 0.0370172 0.8565631 0 P 0 N
A 0.0595754 0.9544446 0.0595754 0.9544446 0.0395754 0.9544446 0 P 0 N
A 0.0602113 1.0540834 0.0602113 1.0540834 0.0402113 1.0540834 0 P 0 N
A 0.0684252 0.7826772 0.0684252 0.7826772 0.0484252 0.7826772 0 P 0 N
A 0.0791908 0.5527343 0.0791908 0.5527343 0.0591908 0.5527343 0 P 0 N
A 0.0811941 0.1424668 0.0811941 0.1424668 0.0611941 0.1424668 0 P 0 N
A 0.0811941 0.1653543 0.0811941 0.1653543 0.0611941 0.1653543 0 P 0 N
A 0.0811941 0.1882418 0.0811941 0.1882418 0.0611941 0.1882418 0 P 0 N
A 0.0835563 1.3208133 0.0835563 1.3208133 0.0635563 1.3208133 0 P 0 N
A 0.0835563 1.3437008 0.0835563 1.3437008 0.0635563 1.3437008 0 P 0 N
A 0.0835563 1.3665883 0.0835563 1.3665883 0.0635563 1.3665883 0 P 0 N
A 0.1034646 0.1424668 0.1034646 0.1424668 0.0834646 0.1424668 0 P 0 N
A 0.1034646 0.1653543 0.1034646 0.1653543 0.0834646 0.1653543 0 P 0 N
A 0.1034646 0.1882418 0.1034646 0.1882418 0.0834646 0.1882418 0 P 0 N
A 0.1058268 1.3208133 0.1058268 1.3208133 0.0858268 1.3208133 0 P 0 N
A 0.1058268 1.3437008 0.1058268 1.3437008 0.0858268 1.3437008 0 P 0 N
A 0.1058268 1.3665883 0.1058268 1.3665883 0.0858268 1.3665883 0 P 0 N
A 0.106811 0.7212598 0.106811 0.7212598 0.086811 0.7212598 0 P 0 N
A 0.1080703 1.0043307 0.1080703 1.0043307 0.0880703 1.0043307 0 P 0 N
A 0.116662 0.9544446 0.116662 0.9544446 0.096662 0.9544446 0 P 0 N
A 0.1246497 0.8525044 0.1246497 0.8525044 0.1046497 0.8525044 0 P 0 N
A 0.1257351 0.1424668 0.1257351 0.1424668 0.1057351 0.1424668 0 P 0 N
A 0.1257351 0.1653543 0.1257351 0.1653543 0.1057351 0.1653543 0 P 0 N
A 0.1257351 0.1882418 0.1257351 0.1882418 0.1057351 0.1882418 0 P 0 N
A 0.1280973 1.3208133 0.1280973 1.3208133 0.1080973 1.3208133 0 P 0 N
A 0.1280973 1.3437008 0.1280973 1.3437008 0.1080973 1.3437008 0 P 0 N
A 0.1280973 1.3665883 0.1280973 1.3665883 0.1080973 1.3665883 0 P 0 N
A 0.1362774 0.5527343 0.1362774 0.5527343 0.1162774 0.5527343 0 P 0 N
A 0.1451968 0.7826772 0.1451968 0.7826772 0.1251968 0.7826772 0 P 0 N
A 0.2034646 0.890945 0.2034646 0.890945 0.1834646 0.890945 0 P 0 N
A 0.2034646 0.9354331 0.2034646 0.9354331 0.1834646 0.9354331 0 P 0 N
A 0.2034646 0.9787402 0.2034646 0.9787402 0.1834646 0.9787402 0 P 0 N
A 0.2060236 0.6125984 0.2060236 0.6125984 0.1860236 0.6125984 0 P 0 N
A 0.2184252 0.2011811 0.2184252 0.2011811 0.1984252 0.2011811 0 P 0 N
A 0.2184252 0.2503937 0.2184252 0.2503937 0.1984252 0.2503937 0 P 0 N
A 0.2184252 0.8098425 0.2184252 0.8098425 0.1984252 0.8098425 0 P 0 N
A 0.2211811 1.2751969 0.2211811 1.2751969 0.2011811 1.2751969 0 P 0 N
A 0.243622 0.7830709 0.243622 0.7830709 0.223622 0.7830709 0 P 0 N
A 0.2479527 0.890945 0.2479527 0.890945 0.2279527 0.890945 0 P 0 N
A 0.2479527 0.9354331 0.2479527 0.9354331 0.2279527 0.9354331 0 P 0 N
A 0.2479527 0.9787402 0.2479527 0.9787402 0.2279527 0.9787402 0 P 0 N
A 0.2577952 1.0543307 0.2577952 1.0543307 0.2377952 1.0543307 0 P 0 N
A 0.2599606 0.6133858 0.2599606 0.6133858 0.2399606 0.6133858 0 P 0 N
A 0.2774803 1.0755906 0.2774803 1.0755906 0.2574803 1.0755906 0 P 0 N
A 0.277874 0.8080512 0.277874 0.8080512 0.257874 0.8080512 0 P 0 N
A 0.2912598 0.890945 0.2912598 0.890945 0.2712598 0.890945 0 P 0 N
A 0.2912598 0.9354331 0.2912598 0.9354331 0.2712598 0.9354331 0 P 0 N
A 0.2912598 0.9787402 0.2912598 0.9787402 0.2712598 0.9787402 0 P 0 N
A 0.2968668 1.2520447 0.2968668 1.2520447 0.2768668 1.2520447 0 P 0 N
A 0.2971653 1.0559055 0.2971653 1.0559055 0.2771653 1.0559055 0 P 0 N
A 0.3082834 1.3356884 0.3082834 1.3356884 0.2882834 1.3356884 0 P 0 N
A 0.3082834 1.388838 0.3082834 1.388838 0.2882834 1.388838 0 P 0 N
A 0.3156693 0.7901575 0.3156693 0.7901575 0.2956693 0.7901575 0 P 0 N
A 0.3168503 1.0755906 0.3168503 1.0755906 0.2968503 1.0755906 0 P 0 N
A 0.3235433 0.6889764 0.3235433 0.6889764 0.3035433 0.6889764 0 P 0 N
A 0.3404724 1.0519685 0.3404724 1.0519685 0.3204724 1.0519685 0 P 0 N
A 0.3500164 1.2520447 0.3500164 1.2520447 0.3300164 1.2520447 0 P 0 N
A 0.350315 1.1716536 0.350315 1.1716536 0.330315 1.1716536 0 P 0 N
A 0.37 1.0527559 0.37 1.0527559 0.35 1.0527559 0 P 0 N
A 0.3715748 0.9000594 0.3715748 0.9000594 0.3515748 0.9000594 0 P 0 N
A 0.3738559 0.9350594 0.3738559 0.9350594 0.3538559 0.9350594 0 P 0 N
A 0.4009451 1.2514335 0.4009451 1.2514335 0.3809451 1.2514335 0 P 0 N
A 0.4580317 1.2514335 0.4580317 1.2514335 0.4380317 1.2514335 0 P 0 N
A 0.4685447 1.3140348 0.4685447 1.3140348 0.4485447 1.3140348 0 P 0 N
A 0.5296676 1.3364155 0.5296676 1.3364155 0.5096676 1.3364155 0 P 0 N
A 0.6123089 1.3386707 0.6123089 1.3386707 0.5923089 1.3386707 0 P 0 N
A 0.6123089 1.4516629 0.6123089 1.4516629 0.5923089 1.4516629 0 P 0 N
A 0.6203797 0.9661557 0.6203797 0.9661557 0.6003797 0.9661557 0 P 0 N
A 0.6203797 1.1488243 0.6203797 1.1488243 0.6003797 1.1488243 0 P 0 N
A 0.6221751 0.4618153 0.6221751 0.4618153 0.6021751 0.4618153 0 P 0 N
A 0.6264961 1.5149606 0.6264961 1.5149606 0.6064961 1.5149606 0 P 0 N
A 0.6617184 1.3951668 0.6617184 1.3951668 0.6417184 1.3951668 0 P 0 N
A 0.6796457 1.5149606 0.6796457 1.5149606 0.6596457 1.5149606 0 P 0 N
A 0.6975591 0.5600533 0.6975591 0.5600533 0.6775591 0.5600533 0 P 0 N
A 0.6975591 0.6171399 0.6975591 0.6171399 0.6775591 0.6171399 0 P 0 N
A 0.7362652 1.5510072 0.7362652 1.5510072 0.7162652 1.5510072 0 P 0 N
A 0.8070079 0.2996063 0.8070079 0.2996063 0.7870079 0.2996063 0 P 0 N
A 0.8070079 1.3244094 0.8070079 1.3244094 0.7870079 1.3244094 0 P 0 N
A 0.8070079 1.373622 0.8070079 1.373622 0.7870079 1.373622 0 P 0 N
A 0.8262992 0.811811 0.8262992 0.811811 0.8062992 0.811811 0 P 0 N
A 0.8674297 0.7281639 0.8674297 0.7281639 0.8474297 0.7281639 0 P 0 N
A 0.8969421 1.313333 0.8969421 1.313333 0.8769421 1.313333 0 P 0 N
A 0.8969421 1.3362205 0.8969421 1.3362205 0.8769421 1.3362205 0 P 0 N
A 0.8969421 1.359108 0.8969421 1.359108 0.8769421 1.359108 0 P 0 N
A 0.9119707 0.7052764 0.9119707 0.7052764 0.8919707 0.7052764 0 P 0 N
A 0.9119707 0.7281639 0.9119707 0.7281639 0.8919707 0.7281639 0 P 0 N
A 0.9119707 0.7510514 0.9119707 0.7510514 0.8919707 0.7510514 0 P 0 N
A 0.9134775 0.1475849 0.9134775 0.1475849 0.8934775 0.1475849 0 P 0 N
A 0.9134775 0.1704724 0.9134775 0.1704724 0.8934775 0.1704724 0 P 0 N
A 0.9134775 0.1933599 0.9134775 0.1933599 0.8934775 0.1933599 0 P 0 N
A 0.9192126 1.313333 0.9192126 1.313333 0.8992126 1.313333 0 P 0 N
A 0.9192126 1.3362205 0.9192126 1.3362205 0.8992126 1.3362205 0 P 0 N
A 0.9192126 1.359108 0.9192126 1.359108 0.8992126 1.359108 0 P 0 N
A 0.9342412 0.7052764 0.9342412 0.7052764 0.9142412 0.7052764 0 P 0 N
A 0.9342412 0.7281639 0.9342412 0.7281639 0.9142412 0.7281639 0 P 0 N
A 0.9342412 0.7510514 0.9342412 0.7510514 0.9142412 0.7510514 0 P 0 N
A 0.935748 0.1475849 0.935748 0.1475849 0.915748 0.1475849 0 P 0 N
A 0.935748 0.1704724 0.935748 0.1704724 0.915748 0.1704724 0 P 0 N
A 0.935748 0.1933599 0.935748 0.1933599 0.915748 0.1933599 0 P 0 N
A 0.9376739 0.811811 0.9376739 0.811811 0.9176739 0.811811 0 P 0 N
A 0.9414831 1.313333 0.9414831 1.313333 0.9214831 1.313333 0 P 0 N
A 0.9414831 1.3362205 0.9414831 1.3362205 0.9214831 1.3362205 0 P 0 N
A 0.9414831 1.359108 0.9414831 1.359108 0.9214831 1.359108 0 P 0 N
A 0.9565117 0.7052764 0.9565117 0.7052764 0.9365117 0.7052764 0 P 0 N
A 0.9565117 0.7281639 0.9565117 0.7281639 0.9365117 0.7281639 0 P 0 N
A 0.9565117 0.7510514 0.9565117 0.7510514 0.9365117 0.7510514 0 P 0 N
A 0.9580185 0.1475849 0.9580185 0.1475849 0.9380185 0.1475849 0 P 0 N
A 0.9580185 0.1704724 0.9580185 0.1704724 0.9380185 0.1704724 0 P 0 N
A 0.9580185 0.1933599 0.9580185 0.1933599 0.9380185 0.1933599 0 P 0 N
L 0.4524409 0.4524409 0.4524409 0.4924409 1 P 0
L 0.4524409 0.4524409 0.4924409 0.4524409 1 P 0
L 0.4524409 0.4924409 0.4924409 0.4924409 1 P 0
L 0.4524409 1.0823622 0.4524409 1.1223622 1 P 0
L 0.4524409 1.0823622 0.4924409 1.0823622 1 P 0
L 0.4524409 1.1223622 0.4924409 1.1223622 1 P 0
L 0.472126 0.7074016 0.492126 0.6674016 1 P 0
L 0.472126 0.7074016 0.512126 0.7074016 1 P 0
L 0.472126 0.9074016 0.492126 0.8674016 1 P 0
L 0.472126 0.9074016 0.512126 0.9074016 1 P 0
L 0.492126 0.6674016 0.512126 0.7074016 1 P 0
L 0.492126 0.8674016 0.512126 0.9074016 1 P 0
L 0.4924409 0.4524409 0.4924409 0.4924409 1 P 0
L 0.4924409 1.0823622 0.4924409 1.1223622 1 P 0
