#Layer_Color=9474304
#
#Feature symbol names
#
$0 r5

#
#Feature attribute names
#

#
#Layer features
#
L 0.0298743 0.903695 0.0398743 0.903695 0 P 0
L 0.0320172 0.8565631 0.0420172 0.8565631 0 P 0
L 0.0345754 0.9544446 0.0445754 0.9544446 0 P 0
L 0.0348743 0.898695 0.0348743 0.908695 0 P 0
L 0.0352113 1.0540834 0.0452113 1.0540834 0 P 0
L 0.0370172 0.8515631 0.0370172 0.8615631 0 P 0
L 0.0395754 0.9494446 0.0395754 0.9594446 0 P 0
L 0.0402113 1.0490834 0.0402113 1.0590834 0 P 0
L 0.0434252 0.7826772 0.0534252 0.7826772 0 P 0
L 0.0484252 0.7776772 0.0484252 0.7876772 0 P 0
L 0.0541908 0.5527343 0.0641908 0.5527343 0 P 0
L 0.0561941 0.1424668 0.0661941 0.1424668 0 P 0
L 0.0561941 0.1653543 0.0661941 0.1653543 0 P 0
L 0.0561941 0.1882418 0.0661941 0.1882418 0 P 0
L 0.0585563 1.3208133 0.0685563 1.3208133 0 P 0
L 0.0585563 1.3437008 0.0685563 1.3437008 0 P 0
L 0.0585563 1.3665883 0.0685563 1.3665883 0 P 0
L 0.0591908 0.5477343 0.0591908 0.5577343 0 P 0
L 0.0611941 0.1374668 0.0611941 0.1474668 0 P 0
L 0.0611941 0.1603543 0.0611941 0.1703543 0 P 0
L 0.0611941 0.1832418 0.0611941 0.1932418 0 P 0
L 0.0635563 1.3158133 0.0635563 1.3258133 0 P 0
L 0.0635563 1.3387008 0.0635563 1.3487008 0 P 0
L 0.0635563 1.3615883 0.0635563 1.3715883 0 P 0
L 0.0784646 0.1424668 0.0884646 0.1424668 0 P 0
L 0.0784646 0.1653543 0.0884646 0.1653543 0 P 0
L 0.0784646 0.1882418 0.0884646 0.1882418 0 P 0
L 0.0808268 1.3208133 0.0908268 1.3208133 0 P 0
L 0.0808268 1.3437008 0.0908268 1.3437008 0 P 0
L 0.0808268 1.3665883 0.0908268 1.3665883 0 P 0
L 0.081811 0.7212598 0.091811 0.7212598 0 P 0
L 0.0830703 1.0043307 0.0930703 1.0043307 0 P 0
L 0.0834646 0.1374668 0.0834646 0.1474668 0 P 0
L 0.0834646 0.1603543 0.0834646 0.1703543 0 P 0
L 0.0834646 0.1832418 0.0834646 0.1932418 0 P 0
L 0.0858268 1.3158133 0.0858268 1.3258133 0 P 0
L 0.0858268 1.3387008 0.0858268 1.3487008 0 P 0
L 0.0858268 1.3615883 0.0858268 1.3715883 0 P 0
L 0.086811 0.7162598 0.086811 0.7262598 0 P 0
L 0.0880703 0.9993307 0.0880703 1.0093307 0 P 0
L 0.091662 0.9544446 0.101662 0.9544446 0 P 0
L 0.096662 0.9494446 0.096662 0.9594446 0 P 0
L 0.0996497 0.8525044 0.1096497 0.8525044 0 P 0
L 0.1007351 0.1424668 0.1107351 0.1424668 0 P 0
L 0.1007351 0.1653543 0.1107351 0.1653543 0 P 0
L 0.1007351 0.1882418 0.1107351 0.1882418 0 P 0
L 0.1030973 1.3208133 0.1130973 1.3208133 0 P 0
L 0.1030973 1.3437008 0.1130973 1.3437008 0 P 0
L 0.1030973 1.3665883 0.1130973 1.3665883 0 P 0
L 0.1046497 0.8475044 0.1046497 0.8575044 0 P 0
L 0.1057351 0.1374668 0.1057351 0.1474668 0 P 0
L 0.1057351 0.1603543 0.1057351 0.1703543 0 P 0
L 0.1057351 0.1832418 0.1057351 0.1932418 0 P 0
L 0.1080973 1.3158133 0.1080973 1.3258133 0 P 0
L 0.1080973 1.3387008 0.1080973 1.3487008 0 P 0
L 0.1080973 1.3615883 0.1080973 1.3715883 0 P 0
L 0.1112774 0.5527343 0.1212774 0.5527343 0 P 0
L 0.1162774 0.5477343 0.1162774 0.5577343 0 P 0
L 0.1201968 0.7826772 0.1301968 0.7826772 0 P 0
L 0.1251968 0.7776772 0.1251968 0.7876772 0 P 0
L 0.1784646 0.890945 0.1884646 0.890945 0 P 0
L 0.1784646 0.9354331 0.1884646 0.9354331 0 P 0
L 0.1784646 0.9787402 0.1884646 0.9787402 0 P 0
L 0.1810236 0.6125984 0.1910236 0.6125984 0 P 0
L 0.1834646 0.885945 0.1834646 0.895945 0 P 0
L 0.1834646 0.9304331 0.1834646 0.9404331 0 P 0
L 0.1834646 0.9737402 0.1834646 0.9837402 0 P 0
L 0.1860236 0.6075984 0.1860236 0.6175984 0 P 0
L 0.1934252 0.2011811 0.2034252 0.2011811 0 P 0
L 0.1934252 0.2503937 0.2034252 0.2503937 0 P 0
L 0.1934252 0.8098425 0.2034252 0.8098425 0 P 0
L 0.1961811 1.2751969 0.2061811 1.2751969 0 P 0
L 0.1984252 0.1961811 0.1984252 0.2061811 0 P 0
L 0.1984252 0.2453937 0.1984252 0.2553937 0 P 0
L 0.1984252 0.8048425 0.1984252 0.8148425 0 P 0
L 0.2011811 1.2701969 0.2011811 1.2801969 0 P 0
L 0.218622 0.7830709 0.228622 0.7830709 0 P 0
L 0.2229527 0.890945 0.2329527 0.890945 0 P 0
L 0.2229527 0.9354331 0.2329527 0.9354331 0 P 0
L 0.2229527 0.9787402 0.2329527 0.9787402 0 P 0
L 0.223622 0.7780709 0.223622 0.7880709 0 P 0
L 0.2279527 0.885945 0.2279527 0.895945 0 P 0
L 0.2279527 0.9304331 0.2279527 0.9404331 0 P 0
L 0.2279527 0.9737402 0.2279527 0.9837402 0 P 0
L 0.2327952 1.0543307 0.2427952 1.0543307 0 P 0
L 0.2349606 0.6133858 0.2449606 0.6133858 0 P 0
L 0.2377952 1.0493307 0.2377952 1.0593307 0 P 0
L 0.2399606 0.6083858 0.2399606 0.6183858 0 P 0
L 0.2524803 1.0755906 0.2624803 1.0755906 0 P 0
L 0.252874 0.8080512 0.262874 0.8080512 0 P 0
L 0.2574803 1.0705906 0.2574803 1.0805906 0 P 0
L 0.257874 0.8030512 0.257874 0.8130512 0 P 0
L 0.2662598 0.890945 0.2762598 0.890945 0 P 0
L 0.2662598 0.9354331 0.2762598 0.9354331 0 P 0
L 0.2662598 0.9787402 0.2762598 0.9787402 0 P 0
L 0.2712598 0.885945 0.2712598 0.895945 0 P 0
L 0.2712598 0.9304331 0.2712598 0.9404331 0 P 0
L 0.2712598 0.9737402 0.2712598 0.9837402 0 P 0
L 0.2718668 1.2520447 0.2818668 1.2520447 0 P 0
L 0.2721653 1.0559055 0.2821653 1.0559055 0 P 0
L 0.2768668 1.2470447 0.2768668 1.2570447 0 P 0
L 0.2771653 1.0509055 0.2771653 1.0609055 0 P 0
L 0.2832834 1.3356884 0.2932834 1.3356884 0 P 0
L 0.2832834 1.388838 0.2932834 1.388838 0 P 0
L 0.2882834 1.3306884 0.2882834 1.3406884 0 P 0
L 0.2882834 1.383838 0.2882834 1.393838 0 P 0
L 0.2906693 0.7901575 0.3006693 0.7901575 0 P 0
L 0.2918503 1.0755906 0.3018503 1.0755906 0 P 0
L 0.2956693 0.7851575 0.2956693 0.7951575 0 P 0
L 0.2968503 1.0705906 0.2968503 1.0805906 0 P 0
L 0.2985433 0.6889764 0.3085433 0.6889764 0 P 0
L 0.3035433 0.6839764 0.3035433 0.6939764 0 P 0
L 0.3154724 1.0519685 0.3254724 1.0519685 0 P 0
L 0.3204724 1.0469685 0.3204724 1.0569685 0 P 0
L 0.3250164 1.2520447 0.3350164 1.2520447 0 P 0
L 0.325315 1.1716536 0.335315 1.1716536 0 P 0
L 0.3300164 1.2470447 0.3300164 1.2570447 0 P 0
L 0.330315 1.1666536 0.330315 1.1766536 0 P 0
L 0.345 1.0527559 0.355 1.0527559 0 P 0
L 0.3465748 0.9000594 0.3565748 0.9000594 0 P 0
L 0.3488559 0.9350594 0.3588559 0.9350594 0 P 0
L 0.35 1.0477559 0.35 1.0577559 0 P 0
L 0.3515748 0.8950594 0.3515748 0.9050594 0 P 0
L 0.3538559 0.9300594 0.3538559 0.9400594 0 P 0
L 0.3759451 1.2514335 0.3859451 1.2514335 0 P 0
L 0.3809451 1.2464335 0.3809451 1.2564335 0 P 0
L 0.4133858 0.4724409 0.531496 0.4724409 0 P 0
L 0.4133858 1.1023622 0.531496 1.1023622 0 P 0
L 0.4330317 1.2514335 0.4430317 1.2514335 0 P 0
L 0.4380317 1.2464335 0.4380317 1.2564335 0 P 0
L 0.4435447 1.3140348 0.4535447 1.3140348 0 P 0
L 0.4485447 1.3090348 0.4485447 1.3190348 0 P 0
L 0.4724409 0.4133858 0.4724409 0.531496 0 P 0
L 0.4724409 1.0433071 0.4724409 1.1614173 0 P 0
L 0.4793307 0.6874016 0.5049213 0.6874016 0 P 0
L 0.4793307 0.8874016 0.5049213 0.8874016 0 P 0
L 0.492126 0.6746063 0.492126 0.7001969 0 P 0
L 0.492126 0.8746063 0.492126 0.9001969 0 P 0
L 0.5046676 1.3364155 0.5146676 1.3364155 0 P 0
L 0.5096676 1.3314155 0.5096676 1.3414155 0 P 0
L 0.5873089 1.3386707 0.5973089 1.3386707 0 P 0
L 0.5873089 1.4516629 0.5973089 1.4516629 0 P 0
L 0.5923089 1.3336707 0.5923089 1.3436707 0 P 0
L 0.5923089 1.4466629 0.5923089 1.4566629 0 P 0
L 0.5953797 0.9661557 0.6053797 0.9661557 0 P 0
L 0.5953797 1.1488243 0.6053797 1.1488243 0 P 0
L 0.5971751 0.4618153 0.6071751 0.4618153 0 P 0
L 0.6003797 0.9611557 0.6003797 0.9711557 0 P 0
L 0.6003797 1.1438243 0.6003797 1.1538243 0 P 0
L 0.6014961 1.5149606 0.6114961 1.5149606 0 P 0
L 0.6021751 0.4568153 0.6021751 0.4668153 0 P 0
L 0.6064961 1.5099606 0.6064961 1.5199606 0 P 0
L 0.6367184 1.3951668 0.6467184 1.3951668 0 P 0
L 0.6417184 1.3901668 0.6417184 1.4001668 0 P 0
L 0.6546457 1.5149606 0.6646457 1.5149606 0 P 0
L 0.6596457 1.5099606 0.6596457 1.5199606 0 P 0
L 0.6725591 0.5600533 0.6825591 0.5600533 0 P 0
L 0.6725591 0.6171399 0.6825591 0.6171399 0 P 0
L 0.6775591 0.5550533 0.6775591 0.5650533 0 P 0
L 0.6775591 0.6121399 0.6775591 0.6221399 0 P 0
L 0.7112652 1.5510072 0.7212652 1.5510072 0 P 0
L 0.7162652 1.5460072 0.7162652 1.5560072 0 P 0
L 0.7820079 0.2996063 0.7920079 0.2996063 0 P 0
L 0.7820079 1.3244094 0.7920079 1.3244094 0 P 0
L 0.7820079 1.373622 0.7920079 1.373622 0 P 0
L 0.7870079 0.2946063 0.7870079 0.3046063 0 P 0
L 0.7870079 1.3194094 0.7870079 1.3294094 0 P 0
L 0.7870079 1.368622 0.7870079 1.378622 0 P 0
L 0.8012992 0.811811 0.8112992 0.811811 0 P 0
L 0.8062992 0.806811 0.8062992 0.816811 0 P 0
L 0.8424297 0.7281639 0.8524297 0.7281639 0 P 0
L 0.8474297 0.7231639 0.8474297 0.7331639 0 P 0
L 0.8719421 1.313333 0.8819421 1.313333 0 P 0
L 0.8719421 1.3362205 0.8819421 1.3362205 0 P 0
L 0.8719421 1.359108 0.8819421 1.359108 0 P 0
L 0.8769421 1.308333 0.8769421 1.318333 0 P 0
L 0.8769421 1.3312205 0.8769421 1.3412205 0 P 0
L 0.8769421 1.354108 0.8769421 1.364108 0 P 0
L 0.8869707 0.7052764 0.8969707 0.7052764 0 P 0
L 0.8869707 0.7281639 0.8969707 0.7281639 0 P 0
L 0.8869707 0.7510514 0.8969707 0.7510514 0 P 0
L 0.8884775 0.1475849 0.8984775 0.1475849 0 P 0
L 0.8884775 0.1704724 0.8984775 0.1704724 0 P 0
L 0.8884775 0.1933599 0.8984775 0.1933599 0 P 0
L 0.8919707 0.7002764 0.8919707 0.7102764 0 P 0
L 0.8919707 0.7231639 0.8919707 0.7331639 0 P 0
L 0.8919707 0.7460514 0.8919707 0.7560514 0 P 0
L 0.8934775 0.1425849 0.8934775 0.1525849 0 P 0
L 0.8934775 0.1654724 0.8934775 0.1754724 0 P 0
L 0.8934775 0.1883599 0.8934775 0.1983599 0 P 0
L 0.8942126 1.313333 0.9042126 1.313333 0 P 0
L 0.8942126 1.3362205 0.9042126 1.3362205 0 P 0
L 0.8942126 1.359108 0.9042126 1.359108 0 P 0
L 0.8992126 1.308333 0.8992126 1.318333 0 P 0
L 0.8992126 1.3312205 0.8992126 1.3412205 0 P 0
L 0.8992126 1.354108 0.8992126 1.364108 0 P 0
L 0.9092412 0.7052764 0.9192412 0.7052764 0 P 0
L 0.9092412 0.7281639 0.9192412 0.7281639 0 P 0
L 0.9092412 0.7510514 0.9192412 0.7510514 0 P 0
L 0.910748 0.1475849 0.920748 0.1475849 0 P 0
L 0.910748 0.1704724 0.920748 0.1704724 0 P 0
L 0.910748 0.1933599 0.920748 0.1933599 0 P 0
L 0.9126739 0.811811 0.9226739 0.811811 0 P 0
L 0.9142412 0.7002764 0.9142412 0.7102764 0 P 0
L 0.9142412 0.7231639 0.9142412 0.7331639 0 P 0
L 0.9142412 0.7460514 0.9142412 0.7560514 0 P 0
L 0.915748 0.1425849 0.915748 0.1525849 0 P 0
L 0.915748 0.1654724 0.915748 0.1754724 0 P 0
L 0.915748 0.1883599 0.915748 0.1983599 0 P 0
L 0.9164831 1.313333 0.9264831 1.313333 0 P 0
L 0.9164831 1.3362205 0.9264831 1.3362205 0 P 0
L 0.9164831 1.359108 0.9264831 1.359108 0 P 0
L 0.9176739 0.806811 0.9176739 0.816811 0 P 0
L 0.9214831 1.308333 0.9214831 1.318333 0 P 0
L 0.9214831 1.3312205 0.9214831 1.3412205 0 P 0
L 0.9214831 1.354108 0.9214831 1.364108 0 P 0
L 0.9315117 0.7052764 0.9415117 0.7052764 0 P 0
L 0.9315117 0.7281639 0.9415117 0.7281639 0 P 0
L 0.9315117 0.7510514 0.9415117 0.7510514 0 P 0
L 0.9330185 0.1475849 0.9430185 0.1475849 0 P 0
L 0.9330185 0.1704724 0.9430185 0.1704724 0 P 0
L 0.9330185 0.1933599 0.9430185 0.1933599 0 P 0
L 0.9365117 0.7002764 0.9365117 0.7102764 0 P 0
L 0.9365117 0.7231639 0.9365117 0.7331639 0 P 0
L 0.9365117 0.7460514 0.9365117 0.7560514 0 P 0
L 0.9380185 0.1425849 0.9380185 0.1525849 0 P 0
L 0.9380185 0.1654724 0.9380185 0.1754724 0 P 0
L 0.9380185 0.1883599 0.9380185 0.1983599 0 P 0
